X 173.9189 115.9446 202.8635 186.7721 38.8700
5 546.1548 528.1668 597.4804 628.7981 48.2900
A 657.2407 374.5706 699.6794 531.9634 49.5700
D 37.0529 71.5460 60.3895 124.8102 58.4200
B 720.1576 396.7524 762.7686 547.6298 58.7400
E 152.8559 107.9677 186.0196 176.4743 63.3500
2 641.1077 582.9191 695.5927 671.2291 63.8900
K 588.0828 349.0198 638.5771 526.9461 65.5300
NOPOL 416.9308 393.8513 821.3237 731.7165 67.7300
B 331.7703 296.9956 363.1512 420.4808 73.5200
1 78.8682 83.3816 101.4649 142.1609 81.9200
NOPOL 273.2274 237.9504 711.6868 701.1959 89.3700
4 391.9515 313.3972 432.9782 447.1211 92.4600
5 471.2381 319.9050 511.2716 476.2689 93.0100
NOPOL 16.5098 59.0462 207.6745 253.2000 94.6200
8 514.2137 343.0558 552.0703 481.8096 96.1100
6 66.1965 81.3539 89.3218 134.6053 96.3000
4 107.8401 96.1244 134.7596 152.7204 96.8200
0 431.4916 328.4269 469.2416 455.5016 97.2800
4 91.2006 89.7846 115.5775 146.8025 97.9600
